(0)(38.54, 0.00, 1.89)(0.00, 271.63, 0.00)
(0)(16.52, 0.00, -3.20)(0.00, 309.19, 0.00)
(0)(21.76, 0.00, 2.95)(0.00, 261.18, 0.00)
(0)(13.22, 0.00, 1.80)(0.00, 233.17, 0.00)
(0)(9.01, 0.00, -2.73)(0.00, 277.09, 0.00)
(0)(23.46, 0.00, 1.02)(0.45, 240.35, 359.74)
(0)(12.48, 0.00, 2.25)(0.00, 211.64, 0.00)
(0)(38.51, 0.00, -2.90)(0.00, 288.33, 0.00)
(0)(21.76, 0.00, 2.01)(359.88, 258.10, 359.88)
(0)(16.52, 0.00, -2.26)(0.00, 284.49, 0.00)
(0)(27.98, 0.00, -3.38)(0.00, 296.64, 0.00)
(0)(28.89, 0.00, -4.01)(0.19, 304.46, 0.24)
(0)(17.27, 0.00, -2.73)(0.00, 276.78, 0.00)
(0)(8.07, 0.00, -3.20)(0.00, 297.86, 0.00)
(0)(23.27, 0.00, 2.48)(0.00, 230.81, 0.00)
(0)(28.72, 0.00, -5.14)(0.00, 292.23, 0.00)
(0)(27.97, 0.00, -4.40)(0.00, 281.22, 0.00)
(0)(27.97, 0.00, -5.34)(0.00, 280.43, 0.00)
(0)(22.65, 0.00, 1.53)(0.00, 258.16, 0.00)
(0)(37.54, 0.00, -3.14)(0.00, 288.33, 0.00)
(0)(37.55, 0.00, 0.90)(0.00, 253.50, 0.00)
(0)(8.07, 0.00, -2.26)(0.00, 309.19, 0.00)
(1)(64.52, 0.00, 10.60)(0.00, 218.66, 0.00)
(1)(63.12, 0.00, 9.73)(0.00, 163.13, 0.00)
(1)(64.98, 0.00, 19.76)(0.00, 165.90, 0.00)
(1)(64.78, 0.00, 18.20)(0.00, 135.21, 0.00)
(1)(70.66, 0.00, 27.75)(0.00, 216.36, 0.00)
(1)(68.19, 0.00, 33.33)(0.00, 164.73, 0.00)
(1)(64.57, 0.00, 8.72)(0.00, 152.45, 0.00)
(1)(70.05, 0.00, 1.48)(0.00, 267.00, 0.00)
(1)(50.17, 0.00, 2.34)(0.00, 222.27, 0.00)
(1)(69.26, 0.00, -0.94)(0.00, 282.10, 0.00)
(1)(55.23, 0.00, -2.95)(0.00, 309.97, 0.00)
(1)(65.06, 0.00, 34.70)(0.00, 132.28, 0.00)
(1)(46.92, 0.00, -3.18)(0.00, 303.15, 0.00)
(1)(58.06, 0.00, 2.99)(0.00, 229.16, 0.00)
(1)(70.76, 0.00, 26.04)(0.00, 194.69, 0.00)
(1)(59.11, 0.00, 2.16)(0.00, 254.63, 0.00)
(1)(68.06, 0.00, 0.61)(0.00, 272.08, 0.00)
(1)(56.44, 0.00, -2.42)(0.00, 303.06, 0.00)
(1)(56.87, 0.00, 3.23)(0.00, 240.08, 0.00)
(1)(69.94, 0.00, 34.72)(0.00, 216.82, 0.00)
(2)(56.47, 0.00, 37.16)(0.00, 92.94, 0.00)
(2)(22.85, 0.00, 42.22)(0.00, 228.12, 0.00)
(2)(22.89, 0.00, 40.49)(0.00, 302.86, 0.00)
(2)(38.40, 0.00, 38.35)(0.00, 97.39, 0.00)
(2)(39.80, 0.00, 37.16)(0.00, 43.13, 0.00)
(2)(40.59, 0.00, 38.61)(0.00, 121.27, 0.00)
(2)(63.11, 0.00, 42.82)(0.00, 130.24, 0.00)
(2)(30.44, 0.00, 53.81)(0.00, 189.44, 0.00)
(2)(42.77, 0.00, 52.17)(0.00, 187.11, 0.00)
(2)(52.41, 0.00, 43.07)(0.00, 140.89, 0.00)
(2)(28.89, 0.00, 53.37)(0.00, 153.47, 0.00)
(2)(16.89, 0.00, 48.93)(0.00, 50.36, 0.00)
(2)(8.05, 0.00, 42.19)(0.00, 118.46, 0.00)
(2)(7.04, 0.00, 37.73)(0.00, 142.60, 0.00)
(2)(51.26, 0.00, 42.27)(0.00, 105.66, 0.00)
(2)(27.50, 0.00, 53.61)(0.00, 174.94, 0.00)
(2)(9.24, 0.00, 38.71)(0.00, 161.07, 0.00)
(2)(41.42, 0.00, 50.67)(0.00, 189.66, 0.00)
(2)(41.24, 0.00, 52.89)(0.00, 230.13, 0.00)
(2)(16.85, 0.00, 50.66)(0.00, 148.81, 0.00)
(3)(-9.69, 0.00, 63.04)(0.00, 180.00, 0.00)
(3)(-14.92, 0.00, 56.77)(0.00, 180.00, 0.00)
(3)(-14.92, 0.00, 63.04)(0.00, 180.00, 0.00)
(3)(-9.69, 0.00, 80.84)(0.00, 180.00, 0.00)
(3)(-14.92, 0.00, 41.66)(0.00, 180.00, 0.00)
(3)(-9.69, 0.00, 73.63)(0.00, 180.00, 0.00)
(3)(-9.69, 0.00, 56.77)(0.00, 180.00, 0.00)
(3)(-9.69, 0.00, 41.66)(0.00, 180.00, 0.00)
(3)(-14.92, 0.00, 73.63)(0.00, 180.00, 0.00)
(3)(-14.92, 0.00, 80.84)(0.00, 180.00, 0.00)
(3)(-9.69, 0.00, 68.23)(0.00, 180.00, 0.00)
(3)(-14.92, 0.00, 68.23)(0.00, 180.00, 0.00)
